Rrow1: [1.0,0.0,0.0]
Rrow2: [0.0,1.0,0.0]
Rrow3: [0.0,0.0,1.0]
#t: [0.0,0.0,0.0]
camera_positon: [0.0,0.0,0.0]

fx: 335.6809
fy: 447.7418
ux: 334.8600
uy: 225.0882

k1: -0.3862
k2: 0.2006
p1: 0.00004472
p2: -0.0018
k3: -0.0630



